2467 12     0      12     202
2468 12     203    12     203
2469 12     204    12     204
2470 12     205    12     205
2471 12     206    12     206
2472 12     207    12     208
2473 12     209    12     209
2474 12     210    12     215
2475 12     216    12     221
2476 12     222    12     227
2477 12     228    12     234
2478 12     235    12     237
2479 12     238    12     238
2480 12     239    12     240
2481 12     241    12     319
2482 12     320    12     323
2483 12     324    12     324
2484 12     325    12     325
2040 12     326    12     326
2485 12     327    12     327
2486 12     328    12     328
2487 12     329    12     332
2489 12     333    12     333
2490 12     334    12     334
2491 12     335    12     335
2492 12     336    12     336
2493 12     337    12     337
2494 12     338    12     338
2495 12     339    12     347
2496 12     348    12     348
2497 12     349    12     349
2499 12     350    12     350
2500 12     351    12     351
2501 12     352    12     352
2502 12     353    12     358
2503 12     359    12     359
2504 12     360    12     360
2505 12     361    12     361
2506 12     362    12     362
2507 12     363    12     363
2508 12     364    12     364
2509 12     365    12     365
2510 12     366    12     366
4    12     367    12     503
2511 12     504    12     504
2512 12     505    12     640
4    12     641    12     642
2513 12     643    12     796
2514 12     797    12     798
2515 12     799    12     799
2516 12     800    12     800
2517 12     801    12     801
2518 12     802    12     803
2519 12     804    12     807
2520 12     808    12     869
2521 12     870    12     870
2522 12     871    12     871
2523 12     872    12     872
2524 12     873    12     876
2525 12     877    12     877
2526 12     878    12     878
2527 12     879    12     879
2528 12     880    12     880
2529 12     881    12     881
2530 12     882    12     882
2531 12     883    12     884
2532 12     885    12     886
2533 12     887    12     887
2534 12     888    12     891
2535 12     892    12     892
2536 12     893    12     948
2537 12     949    12     951
2538 12     952    12     977
2539 12     978    12     978
2540 12     979    12     980
2541 12     981    12     981
2542 12     982    12     982
2543 12     983    12     983
2544 12     984    12     984
2545 12     985    12     986
2546 12     987    12     987
2547 12     988    12     988
2548 12     989    12     993
2549 12     994    12     999
2550 12     1000   12     1000
2551 12     1001   12     1020
2552 12     1021   12     1036
2553 12     1037   12     1040
2554 12     1041   12     1041
2555 12     1042   12     1042
2556 12     1043   12     1043
2557 12     1044   12     1044
2558 12     1045   12     1090
2559 12     1091   12     1091
2560 12     1092   12     1092
2561 12     1093   12     1093
2562 12     1094   12     1094
2563 12     1095   12     1095
2564 12     1096   12     1096
2565 12     1097   12     1097
2566 12     1098   12     1148
2567 12     1149   12     1149
2568 12     1150   12     1150
2569 12     1151   12     1151
2570 12     1152   12     1153
2571 12     1154   12     1154
2572 12     1155   12     1155
2573 12     1156   12     1187
2574 12     1188   12     1188
2575 12     1189   12     1190
2576 12     1191   12     1191
2577 12     1192   12     1193
2578 12     1194   12     1197
2579 12     1198   12     1198
2580 12     1199   12     1199
2581 12     1200   12     1294
2582 12     1295   12     1297
2583 12     1298   12     1328
2584 12     1329   12     1331
2585 12     1332   12     1332
2586 12     1333   12     1396
2587 12     1397   12     1397
2588 12     1398   12     1398
2589 12     1399   12     1399
2590 12     1400   12     1400
2591 12     1401   12     1403
2592 12     1404   12     1404
2593 12     1405   12     1405
2594 12     1406   12     1406
2595 12     1407   12     1407
2596 12     1408   12     1408
2597 12     1409   12     1410
2598 12     1411   12     1411
2599 12     1412   12     1417
2600 12     1418   12     1422
2601 12     1423   12     1427
2602 12     1428   12     1432
2603 12     1433   12     1434
2604 12     1435   12     1435
2605 12     1436   12     1436
2606 12     1437   12     1438
2607 12     1439   12     1440
2608 12     1441   12     1442
2609 12     1443   12     1443
2610 12     1444   12     1453
2611 12     1454   12     1455
2612 12     1456   12     1457
2613 12     1458   12     1459
2614 12     1460   12     1471
2615 12     1472   12     1472
2616 12     1473   12     1473
2617 12     1474   12     1474
2618 12     1475   12     1475
2619 12     1476   12     1476
2620 12     1477   12     1478
2621 12     1479   12     1480
2622 12     1481   12     1482
2623 12     1483   12     1535
2624 12     1536   12     1536
2625 12     1537   12     1539
2626 12     1540   12     1541
2627 12     1542   12     1542
2628 12     1543   12     1543
2629 12     1544   12     1544
2630 12     1545   12     1545
2631 12     1546   12     1546
2632 12     1547   12     1548
2633 12     1549   12     1556
2634 12     1557   12     1557
2635 12     1558   12     1558
2636 12     1559   12     1559
2637 12     1560   12     1560
2638 12     1561   12     1561
2639 12     1562   12     1562
2640 12     1563   12     1566
4    12     1567   12     1578
2641 12     1579   12     1579
2642 12     1580   12     1581
2643 12     1582   12     1582
2644 12     1583   12     1583
2645 12     1584   12     1589
2646 12     1590   12     1640
2647 12     1641   12     1645
2648 12     1646   12     1648
2649 12     1649   12     1649
2650 12     1650   12     1650
2651 12     1651   12     1651
2652 12     1652   12     1652
2653 12     1653   12     1655
2654 12     1656   12     1656
2655 12     1657   12     1657
2656 12     1658   12     1658
2657 12     1659   12     1659
2658 12     1660   12     1707
2659 12     1708   12     1709
2660 12     1710   12     1711
2661 12     1712   12     1714
2662 12     1715   12     1715
2663 12     1716   12     1716
2664 12     1717   12     1717
2665 12     1718   12     1721
2666 12     1722   12     1723
2667 12     1724   12     1724
2668 12     1725   12     1725
2669 12     1726   12     1726
2670 12     1727   12     1728
2671 12     1729   12     1729
2672 12     1730   12     1730
2673 12     1731   12     1731
2674 12     1732   12     1740
2675 12     1741   12     1744
2676 12     1745   12     1745
2677 12     1746   12     1746
2678 12     1747   12     1747
2679 12     1748   12     1750
2680 12     1751   12     1752
2681 12     1753   12     1754
2682 12     1755   12     1755
2683 12     1756   12     1756
2684 12     1757   12     1757
2685 12     1758   12     1759
2686 12     1760   12     1760
2687 12     1761   12     1761
2688 12     1762   12     1762
2689 12     1763   12     1763
2690 12     1764   12     1764
2691 12     1765   12     1765
2692 12     1766   12     1766
2693 12     1767   12     1767
2694 12     1768   12     1770
2695 12     1771   12     1772
2696 12     1773   12     1773
2697 12     1774   12     1774
2698 12     1775   12     1775
2699 12     1776   12     1778
2700 12     1779   12     1780
2701 12     1781   12     1781
2702 12     1782   12     1782
2703 12     1783   12     1783
2704 12     1784   12     1785
2705 12     1786   12     1786
2706 12     1787   12     1787
2707 12     1788   12     1788
2708 12     1789   12     1789
2709 12     1790   12     1790
2710 12     1791   12     1792
2711 12     1793   12     1793
2712 12     1794   12     1794
2713 12     1795   12     1795
2715 12     1796   12     1796
2716 12     1797   12     1797
2717 12     1798   12     1798
2718 12     1799   12     1799
2719 12     1800   12     1800
2720 12     1801   12     1802
2721 12     1803   12     1804
2722 12     1805   12     1805
2723 12     1806   12     1806
2724 12     1807   12     1807
2726 12     1808   12     1808
2727 12     1809   12     1809
2728 12     1810   12     1811
2729 12     1812   12     1812
2730 12     1813   12     1816
2731 12     1817   12     1818
2732 12     1819   12     1819
2733 12     1820   12     1858
2734 12     1859   12     1860
2736 12     1861   12     1861
2737 12     1862   12     1862
2738 12     1863   12     1863
2739 12     1864   12     1865
2740 12     1866   12     1866
2741 12     1867   12     1878
2742 12     1879   12     1881
2743 12     1882   12     1882
2744 12     1883   12     1883
2745 12     1884   12     1907
2746 12     1908   12     1910
2747 12     1911   12     1911
2749 12     1912   12     1912
2750 12     1913   12     1913
2751 12     1914   12     1915
2752 12     1916   12     1916
2753 12     1917   12     1917
2754 12     1918   12     1919
2755 12     1920   12     1920
2756 12     1921   12     1921
2757 12     1922   12     1922
2758 12     1923   12     1949
2759 12     1950   12     1951
2760 12     1952   12     1952
2761 12     1953   12     1954
2762 12     1955   12     1956
2763 12     1957   12     1963
2764 12     1964   12     1964
2765 12     1965   12     1965
2766 12     1966   12     1966
2767 12     1967   12     1968
2768 12     1969   12     3102
3159 12     3103   12     3104
3160 12     3105   12     3105
3161 12     3106   12     3106
3162 12     3107   12     3107
3163 12     3108   12     3110
3164 12     3111   12     3121
3165 12     3122   12     3122
3166 12     3123   12     3123
3167 12     3124   12     3124
3168 12     3125   12     3125
3169 12     3126   12     3126
3170 12     3127   12     3164
3171 12     3165   12     3165
3172 12     3166   12     3166
3173 12     3167   12     3167
3174 12     3168   12     3168
3175 12     3169   12     3169
3176 12     3170   12     3175
3177 12     3176   12     3176
3178 12     3177   12     3177
3179 12     3178   12     3178
3180 12     3179   12     3179
3181 12     3180   12     3183
3182 12     3184   12     3184
3183 12     3185   12     3185
3184 12     3186   12     3186
3185 12     3187   12     3188
3186 12     3189   12     3189
3187 12     3190   12     3190
3188 12     3191   12     3191
3189 12     3192   12     3192
3190 12     3193   12     3193
3191 12     3194   12     3195
3192 12     3196   12     3197
3193 12     3198   12     3198
3194 12     3199   12     3199
3195 12     3200   12     3200
3196 12     3201   12     3201
3197 12     3202   12     3203
3198 12     3204   12     3204
3199 12     3205   12     3205
3200 12     3206   12     3207
3201 12     3208   12     3208
3202 12     3209   12     3211
3203 12     3212   12     3212
3204 12     3213   12     3213
3205 12     3214   12     3216
3206 12     3217   12     3217
3207 12     3218   12     3218
3208 12     3219   12     3219
3209 12     3220   12     3220
3210 12     3221   12     3222
3211 12     3223   12     3224
3212 12     3225   12     3226
3213 12     3227   12     3227
3214 12     3228   12     3228
3215 12     3229   12     3229
3216 12     3230   12     3230
3217 12     3231   12     3231
3218 12     3232   12     3233
3219 12     3234   12     3234
3220 12     3235   12     3251
3221 12     3252   12     3252
3222 12     3253   12     3253
3223 12     3254   12     3254
3224 12     3255   12     3257
3225 12     3258   12     3258
3226 12     3259   12     3259
3227 12     3260   12     3264
3228 12     3265   12     3265
3229 12     3266   12     3267
3230 12     3268   12     3272
3231 12     3273   12     3273
3232 12     3274   12     3274
3233 12     3275   12     3277
3234 12     3278   12     3279
3235 12     3280   12     3280
3236 12     3281   12     3281
3237 12     3282   12     3282
3238 12     3283   12     3283
3239 12     3284   12     3284
3240 12     3285   12     3285
3241 12     3286   12     3286
3242 12     3287   12     3287
3243 12     3288   12     3289
3244 12     3290   12     3291
3245 12     3292   12     3292
3246 12     3293   12     3293
3247 12     3294   12     3294
3248 12     3295   12     3297
3249 12     3298   12     3298
3250 12     3299   12     3299
3015 12     3300   12     3300
3251 12     3301   12     3302
3252 12     3303   12     3304
3253 12     3305   12     3305
3254 12     3306   12     3306
3255 12     3307   12     3308
3256 12     3309   12     3309
3257 12     3310   12     3320
3258 12     3321   12     3321
3259 12     3322   12     3326
3260 12     3327   12     3327
3261 12     3328   12     3329
3262 12     3330   12     3330
3263 12     3331   12     3331
3264 12     3332   12     3332
3265 12     3333   12     3333
3266 12     3334   12     3334
3267 12     3335   12     3337
3268 12     3338   12     3338
3269 12     3339   12     3340
3270 12     3341   12     3341
3271 12     3342   12     3342
3272 12     3343   12     3343
3273 12     3344   12     3344
3274 12     3345   12     3345
3275 12     3346   12     3346
3276 12     3347   12     3347
3277 12     3348   12     3348
3278 12     3349   12     3354
3279 12     3355   12     3356
3280 12     3357   12     3357
3281 12     3358   12     3358
3282 12     3359   12     3359
3283 12     3360   12     3361
3284 12     3362   12     3362
3285 12     3363   12     3364
3286 12     3365   12     3367
3287 12     3368   12     3368
3288 12     3369   12     3369
3289 12     3370   12     3370
3039 12     3371   12     3377
3290 12     3378   12     3378
3291 12     3379   12     3382
3292 12     3383   12     3383
3293 12     3384   12     3384
3294 12     3385   12     3385
3295 12     3386   12     3386
3296 12     3387   12     3387
3297 12     3388   12     3388
3298 12     3389   12     3389
3299 12     3390   12     3390
3300 12     3391   12     3393
3301 12     3394   12     3394
3302 12     3395   12     3397
3303 12     3398   12     3398
3304 12     3399   12     3399
3305 12     3400   12     3401
3304 12     3402   12     3402
3306 12     3403   12     3406
3307 12     3407   12     3410
3308 12     3411   12     3411
3309 12     3412   12     3412
3310 12     3413   12     3426
3311 12     3427   12     3428
3312 12     3429   12     3429
3313 12     3430   12     3430
3314 12     3431   12     3458
3315 12     3459   12     3459
3316 12     3460   12     3460
3317 12     3461   12     3466
3318 12     3467   12     3467
3319 12     3468   12     3468
3320 12     3469   12     3469
3321 12     3470   12     3470
3322 12     3471   12     3471
3323 12     3472   12     3473
3324 12     3474   12     3476
3325 12     3477   12     3477
3326 12     3478   12     3478
3327 12     3479   12     3493
3328 12     3494   12     3494
3329 12     3495   12     3496
3330 12     3497   12     3497
3331 12     3498   12     3500
3332 12     3501   12     3601
3333 12     3602   12     3602
3334 12     3603   12     3603
3335 12     3604   12     3607
3336 12     3608   12     3609
4    12     3610   12     3611
3336 12     3612   12     3612
3337 12     3613   12     3613
4    12     3614   12     3616
3337 12     3617   12     3617
4    12     3618   12     3620
3338 12     3621   12     3622
4    12     3623   12     3636
3338 12     3637   12     3637
3339 12     3638   12     3642
4    12     3643   12     3644
3340 12     3645   12     3645
3341 12     3646   12     3647
4    12     3648   12     3650
3342 12     3651   12     3651
4    12     3652   12     3662
3343 12     3663   12     3716
3344 12     3717   12     3720
3345 12     3721   12     3722
3346 12     3723   12     3725
4    12     3726   12     3732
3347 12     3733   12     3737
4    12     3738   12     3743
3348 12     3744   12     3744
3349 12     3745   12     3745
3350 12     3746   12     3746
3351 12     3747   12     3747
3352 12     3748   12     3749
3353 12     3750   12     3750
3354 12     3751   12     3753
3355 12     3754   12     3754
3356 12     3755   12     3758
3357 12     3759   12     3761
3358 12     3762   12     3762
3359 12     3763   12     3763
3360 12     3764   12     3764
3361 12     3765   12     3765
3362 12     3766   12     3766
3363 12     3767   12     3767
3364 12     3768   12     3771
3365 12     3772   12     3772
3366 12     3773   12     3773
3367 12     3774   12     3774
3368 12     3775   12     3776
3369 12     3777   12     3777
3370 12     3778   12     3779
3371 12     3780   12     3780
3372 12     3781   12     3781
3373 12     3782   12     3782
3374 12     3783   12     3783
3375 12     3784   12     3784
3376 12     3785   12     3785
3377 12     3786   12     3786
3378 12     3787   12     3787
3379 12     3788   12     3788
3380 12     3789   12     3789
3381 12     3790   12     3791
3382 12     3792   12     3792
3383 12     3793   12     3793
3384 12     3794   12     3794
3385 12     3795   12     3795
3386 12     3796   12     3796
3387 12     3797   12     3797
3388 12     3798   12     3798
3389 12     3799   12     3803
3390 12     3804   12     3804
3391 12     3805   12     3806
3392 12     3807   12     3807
3393 12     3808   12     3808
3394 12     3809   12     3809
3395 12     3810   12     3810
3396 12     3811   12     3811
3397 12     3812   12     3812
3398 12     3813   12     3813
3399 12     3814   12     3814
3400 12     3815   12     3816
3401 12     3817   12     3817
3402 12     3818   12     3819
3403 12     3820   12     3820
3404 12     3821   12     3821
3405 12     3822   12     3822
3406 12     3823   12     3824
3407 12     3825   12     3825
3408 12     3826   12     3827
3409 12     3828   12     3828
3410 12     3829   12     3830
3411 12     3831   12     3833
3412 12     3834   12     3836
3413 12     3837   12     3837
3414 12     3838   12     3838
3415 12     3839   12     3839
3416 12     3840   12     3840
3417 12     3841   12     3841
3418 12     3842   12     3842
3419 12     3843   12     3843
3420 12     3844   12     3844
3421 12     3845   12     3846
3422 12     3847   12     3847
3423 12     3848   12     3849
3424 12     3850   12     3850
3425 12     3851   12     3852
3426 12     3853   12     3853
3427 12     3854   12     3854
3428 12     3855   12     3855
3429 12     3856   12     3856
3430 12     3857   12     3857
3431 12     3858   12     3858
3432 12     3859   12     3860
3433 12     3861   12     3861
3434 12     3862   12     3862
3435 12     3863   12     3864
3436 12     3865   12     3866
3437 12     3867   12     3867
3438 12     3868   12     3868
3439 12     3869   12     3870
3440 12     3871   12     3871
3441 12     3872   12     3872
3442 12     3873   12     3873
3443 12     3874   12     3875
3444 12     3876   12     3876
3445 12     3877   12     3877
3446 12     3878   12     3878
3447 12     3879   12     3879
3448 12     3880   12     3881
3449 12     3882   12     3882
3450 12     3883   12     3884
3451 12     3885   12     3885
3452 12     3886   12     3887
3453 12     3888   12     3888
3454 12     3889   12     3891
3455 12     3892   12     3892
3456 12     3893   12     3893
3457 12     3894   12     3895
3458 12     3896   12     3896
3459 12     3897   12     3897
3460 12     3898   12     3899
3461 12     3900   12     3900
3462 12     3901   12     3901
3463 12     3902   12     4021
3058 12     4022   12     4022
3152 12     4023   12     4023
3061 12     4024   12     4026
3153 12     4027   12     4029
3154 12     4030   12     4072
3155 12     4073   12     4074
3073 12     4075   12     4076
3074 12     4077   12     4093
3077 12     4094   12     4094
3078 12     4095   12     4095
3079 12     4096   12     4096
3080 12     4097   12     4097
3081 12     4098   12     4098
3082 12     4099   12     4099
3083 12     4100   12     4100
3084 12     4101   12     4101
3085 12     4102   12     4102
3086 12     4103   12     4103
3087 12     4104   12     4104
3088 12     4105   12     4107
3089 12     4108   12     4111
3090 12     4112   12     4112
3091 12     4113   12     4113
3092 12     4114   12     4114
3093 12     4115   12     4115
3094 12     4116   12     4116
3095 12     4117   12     4117
3096 12     4118   12     4118
3097 12     4119   12     4119
3098 12     4120   12     4124
3099 12     4125   12     4125
3100 12     4126   12     4127
3101 12     4128   12     4128
3102 12     4129   12     4129
3103 12     4130   12     4131
3104 12     4132   12     4132
3105 12     4133   12     4133
3107 12     4134   12     4135
3108 12     4136   12     4136
3109 12     4137   12     4137
3110 12     4138   12     4138
3111 12     4139   12     4139
3112 12     4140   12     4140
3113 12     4141   12     4141
3114 12     4142   12     4143
3115 12     4144   12     4144
3116 12     4145   12     4145
3117 12     4146   12     4148
3118 12     4149   12     4149
3119 12     4150   12     4151
3120 12     4152   12     4153
3121 12     4154   12     4154
3122 12     4155   12     4155
3123 12     4156   12     4157
3124 12     4158   12     4158
3125 12     4159   12     4161
3126 12     4162   12     4163
3127 12     4164   12     4164
3128 12     4165   12     4165
3156 12     4166   12     4166
3131 12     4167   12     4167
3132 12     4168   12     4168
3133 12     4169   12     4169
3134 12     4170   12     4170
3157 12     4171   12     4174
3137 12     4175   12     4175
3138 12     4176   12     4176
3139 12     4177   12     4177
3140 12     4178   12     4178
3141 12     4179   12     4179
3158 12     4180   12     4180
3144 12     4181   12     4183
3145 12     4184   12     4184
3146 12     4185   12     4185
3147 12     4186   12     4186
3148 12     4187   12     4187
3149 12     4188   12     4188
3150 12     4189   12     4190
3151 12     4191   12     4271
3464 12     4272   12     4272
3464 12     4273   12     4279
3464 12     4280   12     4281
3464 12     4282   12     4282
3464 12     4283   12     4283
3464 12     4284   12     4287
3464 12     4288   12     4294
3464 12     4295   12     4295
3464 12     4296   12     4303
3464 12     4304   12     4304
3464 12     4305   12     4305
3464 12     4306   12     4307
3464 12     4308   12     4308
3464 12     4309   12     4309
3464 12     4310   12     4311
3464 12     4312   12     4312
3464 12     4313   12     4316
3464 12     4317   12     4317
3464 12     4318   12     4334
3464 12     4335   12     4338
3464 12     4339   12     4341
3464 12     4342   12     4344
3464 12     4345   12     4352
3464 12     4353   12     4353
3464 12     4354   12     4354
3464 12     4355   12     4356
3464 12     4357   12     4359
3464 12     4360   12     4360
3464 12     4361   12     4361
3464 12     4362   12     4363
3464 12     4364   12     4364
3464 12     4365   12     4365
3464 12     4366   12     4368
3464 12     4369   12     4374
3464 12     4375   12     4376
3464 12     4377   12     4378
3464 12     4379   12     4379
3464 12     4380   12     4381
3464 12     4382   12     4395
3464 12     4396   12     4442
3464 12     4443   12     4447
3464 12     4448   12     4450
3464 12     4451   12     4685
3465 12     4686   12     4686
3465 12     4687   12     4693
3465 12     4694   12     4694
3465 12     4695   12     4720
3465 12     4721   12     4724
3465 12     4725   12     4726
3465 12     4727   12     4728
3465 12     4729   12     4731
3465 12     4732   12     4732
3465 12     4733   12     4734
3465 12     4735   12     4735
3465 12     4736   12     4736
3465 12     4737   12     4739
3465 12     4740   12     4741
3465 12     4742   12     4742
3465 12     4743   12     4748
3465 12     4749   12     4749
3465 12     4750   12     4750
3465 12     4751   12     4751
3465 12     4752   12     4753
3465 12     4754   12     4754
3465 12     4755   12     4756
3465 12     4757   12     4757
3465 12     4758   12     4761
3465 12     4762   12     4764
3465 12     4765   12     4765
3465 12     4766   12     4767
3465 12     4768   12     4768
3465 12     4769   12     4769
3465 12     4770   12     4771
3465 12     4772   12     4772
3465 12     4773   12     4774
3465 12     4775   12     4775
3465 12     4776   12     4776
3465 12     4777   12     4777
3465 12     4778   12     4778
3465 12     4779   12     4779
3465 12     4780   12     4780
3465 12     4781   12     4781
3465 12     4782   12     4782
3465 12     4783   12     4783
3465 12     4784   12     4784
3465 12     4785   12     4788
3465 12     4789   12     4789
3465 12     4790   12     4791
3465 12     4792   12     4793
3465 12     4794   12     4794
3465 12     4795   12     4795
3465 12     4796   12     4797
3465 12     4798   12     4799
3465 12     4800   12     4801
3465 12     4802   12     4802
3465 12     4803   12     4804
3465 12     4805   12     4806
3465 12     4807   12     4807
3465 12     4808   12     4809
3465 12     4810   12     4813
3465 12     4814   12     4816
3465 12     4817   12     4817
3465 12     4818   12     4818
3465 12     4819   12     4820
3465 12     4821   12     4822
3465 12     4823   12     4823
3465 12     4824   12     4824
3465 12     4825   12     4825
3465 12     4826   12     4826
3465 12     4827   12     4827
3465 12     4828   12     4828
3465 12     4829   12     4873
3465 12     4874   12     4875
3465 12     4876   12     4876
3465 12     4877   12     4878
3465 12     4879   12     4881
3465 12     4882   12     4883
3465 12     4884   12     4888
3465 12     4889   12     4894
3465 12     4895   12     4895
3465 12     4896   12     4897
3465 12     4898   12     4898
3465 12     4899   12     4899
3465 12     4900   12     4901
3465 12     4902   12     4904
3465 12     4905   12     4907
3465 12     4908   12     4908
3465 12     4909   12     4910
3465 12     4911   12     4911
3465 12     4912   12     4913
3465 12     4914   12     4914
3465 12     4915   12     4924
3465 12     4925   12     4925
3465 12     4926   12     4927
3465 12     4928   12     4930
3465 12     4931   12     4936
3465 12     4937   12     4937
3465 12     4938   12     4939
3465 12     4940   12     4940
3465 12     4941   12     5038
3465 12     5039   12     5040
3465 12     5041   12     5041
3465 12     5042   12     5042
3465 12     5043   12     5043
3465 12     5044   12     5061
3465 12     5062   12     5064
3465 12     5065   12     5065
3465 12     5066   12     5101
3465 12     5102   12     5102
3465 12     5103   12     5103
3465 12     5104   12     5107
3465 12     5108   12     5109
3465 12     5110   12     5111
3465 12     5112   12     5113
3465 12     5114   12     5114
3465 12     5115   12     5115
3465 12     5116   12     5118
3465 12     5119   12     5119
3465 12     5120   12     5122
3465 12     5123   12     5124
3465 12     5125   12     5125
3465 12     5126   12     5127
3465 12     5128   12     5128
3465 12     5129   12     5129
3465 12     5130   12     5130
3465 12     5131   12     5131
3465 12     5132   12     5135
3465 12     5136   12     5136
3465 12     5137   12     5137
3465 12     5138   12     5144
3465 12     5145   12     5145
3465 12     5146   12     5146
3465 12     5147   12     5147
3465 12     5148   12     5148
3465 12     5149   12     5149
3465 12     5150   12     5150
3465 12     5151   12     5151
3465 12     5152   12     5154
3465 12     5155   12     5155
3465 12     5156   12     5156
3465 12     5157   12     5159
3465 12     5160   12     5202
3465 12     5203   12     5205
3465 12     5206   12     5206
3465 12     5207   12     5208
3465 12     5209   12     5209
3465 12     5210   12     5210
3465 12     5211   12     5211
3465 12     5212   12     5212
3465 12     5213   12     5216
3465 12     5217   12     5218
3465 12     5219   12     5219
3465 12     5220   12     5220
3465 12     5221   12     5228
3465 12     5229   12     5231
3465 12     5232   12     5232
3465 12     5233   12     5233
3465 12     5234   12     5234
3465 12     5235   12     5235
3465 12     5236   12     5236
3465 12     5237   12     5238
3465 12     5239   12     5241
3465 12     5242   12     5243
3465 12     5244   12     5244
3465 12     5245   12     5247
3466 12     5248   12     5349
3466 12     5350   12     5351
3466 12     5352   12     5353
3466 12     5354   12     5354
3466 12     5355   12     5358
3466 12     5359   12     5361
3466 12     5362   12     5365
3466 12     5366   12     5366
3466 12     5367   12     5385
3466 12     5386   12     5386
3466 12     5387   12     5387
3466 12     5388   12     5388
3466 12     5389   12     5389
3466 12     5390   12     5390
3466 12     5391   12     5391
3466 12     5392   12     5393
3466 12     5394   12     5394
3466 12     5395   12     5397
3466 12     5398   12     5398
3466 12     5399   12     5399
3466 12     5400   12     5400
3466 12     5401   12     5403
3466 12     5404   12     5405
3466 12     5406   12     5406
3466 12     5407   12     5410
3466 12     5411   12     5424
3466 12     5425   12     5425
3466 12     5426   12     5440
3466 12     5441   12     5470
3466 12     5471   12     5530
3466 12     5531   12     5531
3466 12     5532   12     5538
3466 12     5539   12     5541
3466 12     5542   12     5556
3466 12     5557   12     5557
3466 12     5558   12     5560
3466 12     5561   12     5562
3466 12     5563   12     5564
3466 12     5565   12     5571
3466 12     5572   12     5572
3466 12     5573   12     5578
3466 12     5579   12     5579
3466 12     5580   12     5591
3466 12     5592   12     5597
3466 12     5598   12     5607
3466 12     5608   12     5608
3466 12     5609   12     5610
3466 12     5611   12     5624
3466 12     5625   12     5630
3466 12     5631   12     5636
3466 12     5637   12     5638
3466 12     5639   12     5657
3466 12     5658   12     5658
3466 12     5659   12     5659
3466 12     5660   12     5669
3466 12     5670   12     5670
3466 12     5671   12     5703
3466 12     5704   12     5704
3466 12     5705   12     5705
3466 12     5706   12     5715
3466 12     5716   12     5716
3466 12     5717   12     5717
3466 12     5718   12     5723
3466 12     5724   12     5731
3466 12     5732   12     5733
3466 12     5734   12     5734
3466 12     5735   12     5888
3466 12     5889   12     5889
3466 12     5890   12     5890
3466 12     5891   12     5892
3466 12     5893   12     5893
3466 12     5894   12     5894
3466 12     5895   12     5895
3466 12     5896   12     5896
3466 12     5897   12     5897
3466 12     5898   12     5898
3466 12     5899   12     5899
3466 12     5900   12     5923
3466 12     5924   12     5924
3466 12     5925   12     5925
3466 12     5926   12     5926
3466 12     5927   12     5927
3466 12     5928   12     5928
3466 12     5929   12     5933
3466 12     5934   12     5934
3466 12     5935   12     5935
3466 12     5936   12     5954
3466 12     5955   12     5959
3466 12     5960   12     5960
3466 12     5961   12     5961
3466 12     5962   12     5967
3466 12     5968   12     5969
3466 12     5970   12     5991
3466 12     5992   12     5993
3466 12     5994   12     6008
3466 12     6009   12     6009
3466 12     6010   12     6010
3466 12     6011   12     6011
3466 12     6012   12     6012
3466 12     6013   12     6013
3466 12     6014   12     6014
3466 12     6015   12     6015
3466 12     6016   12     6016
3466 12     6017   12     6017
3466 12     6018   12     6018
3466 12     6019   12     6020
3466 12     6021   12     6023
3466 12     6024   12     6025
3466 12     6026   12     6026
3466 12     6027   12     6027
3466 12     6028   12     6029
3466 12     6030   12     6030
3466 12     6031   12     6031
3466 12     6032   12     6032
3466 12     6033   12     6033
3466 12     6034   12     6034
3466 12     6035   12     6036
3466 12     6037   12     6048
3466 12     6049   12     6050
3466 12     6051   12     6052
3466 12     6053   12     6053
3466 12     6054   12     6054
3466 12     6055   12     6055
3466 12     6056   12     6056
3466 12     6057   12     6057
3466 12     6058   12     6058
3466 12     6059   12     6060
3466 12     6061   12     6061
3466 12     6062   12     6103
3466 12     6104   12     6104
3466 12     6105   12     6106
3466 12     6107   12     6108
3466 12     6109   12     6110
3466 12     6111   12     6111
3466 12     6112   12     6112
3466 12     6113   12     6113
3466 12     6114   12     6115
3466 12     6116   12     6124
3466 12     6125   12     6125
3466 12     6126   12     6150
3466 12     6151   12     6152
3466 12     6153   12     6153
3466 12     6154   12     6155
3466 12     6156   12     6157
3466 12     6158   12     6160
3466 12     6161   12     6161
3466 12     6162   12     6162
3466 12     6163   12     6163
3466 12     6164   12     6164
3466 12     6165   12     6166
3466 12     6167   12     6168
3466 12     6169   12     6169
3466 12     6170   12     6171
3466 12     6172   12     6172
3466 12     6173   12     6173
3466 12     6174   12     6174
3466 12     6175   12     6175
3466 12     6176   12     6211
3466 12     6212   12     6215
3466 12     6216   12     6218
3466 12     6219   12     6220
3466 12     6221   12     6221
3466 12     6222   12     6222
3466 12     6223   12     6223
3466 12     6224   12     6224
3466 12     6225   12     6225
3466 12     6226   12     6226
3466 12     6227   12     6228
3466 12     6229   12     6269
3466 12     6270   12     6270
3466 12     6271   12     6271
3466 12     6272   12     6272
3466 12     6273   12     6275
3466 12     6276   12     6276
3466 12     6277   12     6277
3466 12     6278   12     6280
3466 12     6281   12     6282
3466 12     6283   12     6309
3466 12     6310   12     6310
3466 12     6311   12     6312
3466 12     6313   12     6314
3466 12     6315   12     6315
3466 12     6316   12     6316
3466 12     6317   12     6317
3466 12     6318   12     6318
3466 12     6319   12     6319
3466 12     6320   12     6321
3466 12     6322   12     6322
3466 12     6323   12     6332
3466 12     6333   12     6334
3466 12     6335   12     6335
3466 12     6336   12     6338
3466 12     6339   12     6339
3466 12     6340   12     6340
3466 12     6341   12     6341
3466 12     6342   12     6346
3466 12     6347   12     6350
3466 12     6351   12     6352
3466 12     6353   12     6354
3466 12     6355   12     6355
3466 12     6356   12     6356
3466 12     6357   12     6359
3466 12     6360   12     6360
3466 12     6361   12     6361
3466 12     6362   12     6372
3466 12     6373   12     6373
3466 12     6374   12     6374
3466 12     6375   12     6376
3466 12     6377   12     6380
3466 12     6381   12     6381
3466 12     6382   12     6382
3466 12     6383   12     6383
3466 12     6384   12     6384
3466 12     6385   12     6385
3466 12     6386   12     6386
3466 12     6387   12     6390
3466 12     6391   12     6393
3466 12     6394   12     6394
3466 12     6395   12     6395
3466 12     6396   12     6396
3466 12     6397   12     6413
3466 12     6414   12     6414
3466 12     6415   12     6415
3466 12     6416   12     6416
3466 12     6417   12     6417
3466 12     6418   12     6420
3466 12     6421   12     6421
3466 12     6422   12     6422
3466 12     6423   12     6423
3466 12     6424   12     6424
3466 12     6425   12     6425
3466 12     6426   12     6426
3466 12     6427   -1     -1
